          1.000000000000          139.863539403846
          2.000000000000           75.493724921630
          3.000000000000           33.716160821134
          4.000000000000           19.095883263866
          5.000000000000           12.329760957060
          6.000000000000            8.654423209556
          7.000000000000            6.437946505650
          8.000000000000            4.998789410207
          9.000000000000            4.011453012403
         10.000000000000            3.304571694022
         11.000000000000            2.780977149270
         12.000000000000            2.382251823066
         13.000000000000            2.071568578747
         14.000000000000            1.824779718373
         15.000000000000            1.625516635964
         20.000000000000            1.036764186903
         30.000000000000            0.629350095987
         40.000000000000            0.509034185260
         50.000000000000            0.475226639634
         60.000000000000            0.477935196045
         70.000000000000            0.500605600819
         80.000000000000            0.535975252963
         90.000000000000            0.579166281914
        100.000000000000            0.625398501532
        200.000000000000            0.660522377337
        300.000000000000            0.678030516052
        400.000000000000            0.856162328944
        500.000000000000            0.976490238174
        600.000000000000            0.835590293785
        700.000000000000            0.655352123316
        800.000000000000            0.517734639059
        900.000000000000            0.417460030565
       1000.000000000000            0.343566124376
       2000.000000000000            0.099212467764
       3000.000000000000            0.052983921092
       4000.000000000000            0.036599248221
       5000.000000000000            0.028802838206
       6000.000000000000            0.024357551411
       7000.000000000000            0.021422275960
       8000.000000000000            0.019231292034
       9000.000000000000            0.017410741123
      10000.000000000000            0.015825103972
