          1.000000000000          139.770213087206
          2.000000000000           46.990635424978
          3.000000000000           20.934460522506
          4.000000000000           11.815408456832
          5.000000000000            7.594878548211
          6.000000000000            5.302377268481
          7.000000000000            3.920126657565
          8.000000000000            3.023005902031
          9.000000000000            2.407930986603
         10.000000000000            1.967944862123
         11.000000000000            1.642370218980
         12.000000000000            1.394706215002
         13.000000000000            1.201928154236
         14.000000000000            1.048930744015
         15.000000000000            0.925471627399
         20.000000000000            0.560287439606
         30.000000000000            0.300957445179
         40.000000000000            0.214460170803
         50.000000000000            0.179480214977
         60.000000000000            0.165355723191
         70.000000000000            0.161464036459
         80.000000000000            0.163467256177
         90.000000000000            0.169362362135
        100.000000000000            0.178059056584
        200.000000000000            0.268938746471
        300.000000000000            0.253862536807
        400.000000000000            0.282793333635
        500.000000000000            0.351660168398
        600.000000000000            0.443732670229
        700.000000000000            0.537121768668
        800.000000000000            0.691793502976
        900.000000000000            0.543537036606
       1000.000000000000            0.472079966224
       2000.000000000000            0.132985752825
       3000.000000000000            0.062835975019
       4000.000000000000            0.038081515857
       5000.000000000000            0.026599773215
       6000.000000000000            0.020351870838
       7000.000000000000            0.016555954275
       8000.000000000000            0.014099716192
       9000.000000000000            0.012392181576
      10000.000000000000            0.011129509680
