          1.000000000000          123.697182172971
          2.000000000000           67.400551731403
          3.000000000000           30.207357915678
          4.000000000000           17.195644888404
          5.000000000000           11.176005047750
          6.000000000000            7.907269680990
          7.000000000000            5.936593702938
          8.000000000000            4.657254421676
          9.000000000000            3.779484338859
         10.000000000000            3.150742246538
         11.000000000000            2.684573317178
         12.000000000000            2.329059835629
         13.000000000000            2.051535123227
         14.000000000000            1.830633531233
         15.000000000000            1.651911565000
         20.000000000000            1.122485483922
         30.000000000000            0.768401642211
         40.000000000000            0.692700220939
         50.000000000000            0.709213175891
         60.000000000000            0.768443084074
         70.000000000000            0.850342492408
         80.000000000000            0.939000750472
         90.000000000000            1.010609652335
        100.000000000000            1.031809934518
        200.000000000000            0.636838708232
        300.000000000000            0.761045648357
        400.000000000000            1.010453609471
        500.000000000000            1.261090648715
        600.000000000000            1.270672187071
        700.000000000000            1.147426330869
        800.000000000000            1.052514152358
        900.000000000000            1.005267269328
       1000.000000000000            0.996587687841
       2000.000000000000            0.898604331448
       3000.000000000000            0.442393109812
       4000.000000000000            0.253576663755
       5000.000000000000            0.162818892586
       6000.000000000000            0.113320088475
       7000.000000000000            0.083349871558
       8000.000000000000            0.063855975822
       9000.000000000000            0.050474534900
      10000.000000000000            0.040895606421
