          1.000000000000          118.833849432622
          2.000000000000           39.951846473548
          3.000000000000           17.798660206181
          4.000000000000           10.045562917387
          5.000000000000            6.457231722857
          6.000000000000            4.508127218526
          7.000000000000            3.332925740703
          8.000000000000            2.570185880533
          9.000000000000            2.047243843920
         10.000000000000            1.673163818469
         11.000000000000            1.396357428411
         12.000000000000            1.185791340626
         13.000000000000            1.021889758587
         14.000000000000            0.891810031238
         15.000000000000            0.786844017730
         20.000000000000            0.476361248699
         30.000000000000            0.255876634480
         40.000000000000            0.182335900354
         50.000000000000            0.152595638022
         60.000000000000            0.140586872402
         70.000000000000            0.137278126520
         80.000000000000            0.138981281343
         90.000000000000            0.143993351615
        100.000000000000            0.151387356806
        200.000000000000            0.228654058644
        300.000000000000            0.215836135941
        400.000000000000            0.240433349610
        500.000000000000            0.298984534879
        600.000000000000            0.377265369922
        700.000000000000            0.456665613518
        800.000000000000            0.588168773023
        900.000000000000            0.462119842957
       1000.000000000000            0.401366286528
       2000.000000000000            0.113066596805
       3000.000000000000            0.053426526041
       4000.000000000000            0.032381672344
       5000.000000000000            0.022614910874
       6000.000000000000            0.017301261928
       7000.000000000000            0.014082529467
       8000.000000000000            0.011967611372
       9000.000000000000            0.010527633814
      10000.000000000000            0.009486142145
