          1.000000000000          152.766019983620
          2.000000000000           83.239681388283
          3.000000000000           37.306087025862
          4.000000000000           21.236621437179
          5.000000000000           13.802366233971
          6.000000000000            9.765478056022
          7.000000000000            7.331693223129
          8.000000000000            5.751709210770
          9.000000000000            4.667663158491
         10.000000000000            3.891166674474
         11.000000000000            3.315448046715
         12.000000000000            2.876388897002
         13.000000000000            2.533645877185
         14.000000000000            2.260832411073
         15.000000000000            2.040110782779
         20.000000000000            1.386269572626
         30.000000000000            0.948976028166
         40.000000000000            0.855484772831
         50.000000000000            0.875878272267
         60.000000000000            0.949027208794
         70.000000000000            1.050172978112
         80.000000000000            1.159665926876
         90.000000000000            1.248102920742
        100.000000000000            1.274285269109
        200.000000000000            0.786495804541
        300.000000000000            0.939891375639
        400.000000000000            1.247910207598
        500.000000000000            1.557446945319
        600.000000000000            1.569280153511
        700.000000000000            1.417071524467
        800.000000000000            1.299854975402
        900.000000000000            1.241505097424
       1000.000000000000            1.230785793797
       2000.000000000000            1.109776335100
       3000.000000000000            0.546355409204
       4000.000000000000            0.313167300269
       5000.000000000000            0.201081206830
       6000.000000000000            0.139950673513
       7000.000000000000            0.102936885891
       8000.000000000000            0.078861737998
       9000.000000000000            0.062336161702
      10000.000000000000            0.050506308896
