          1.000000000000          138.878199985110
          2.000000000000           75.377167289043
          3.000000000000           33.575215887859
          4.000000000000           18.944698931676
          5.000000000000           12.172995071351
          6.000000000000            8.494476850207
          7.000000000000            6.276298347887
          8.000000000000            4.836437712584
          9.000000000000            3.849095315346
         10.000000000000            3.142690021698
         11.000000000000            2.619886459874
         12.000000000000            2.222133501996
         13.000000000000            1.912497274594
         14.000000000000            1.666746446854
         15.000000000000            1.468448968599
         20.000000000000            0.882278501204
         30.000000000000            0.467790332366
         40.000000000000            0.330614770965
         50.000000000000            0.275433113020
         60.000000000000            0.253422738500
         70.000000000000            0.247828235388
         80.000000000000            0.251685693359
         90.000000000000            0.261550730754
        100.000000000000            0.275306295625
        200.000000000000            0.349348969001
        300.000000000000            0.640885412204
        400.000000000000            0.987215215862
        500.000000000000            0.544835753095
        600.000000000000            0.681129190869
        700.000000000000            0.746924439391
        800.000000000000            0.681880804602
        900.000000000000            0.576839148109
       1000.000000000000            0.483192785798
       2000.000000000000            0.134104552287
       3000.000000000000            0.065388403414
       4000.000000000000            0.041192948577
       5000.000000000000            0.029947706161
       6000.000000000000            0.023802558054
       7000.000000000000            0.020059522241
       8000.000000000000            0.017589581519
       9000.000000000000            0.015852608601
      10000.000000000000            0.014562105326
