          1.000000000000          123.697182172972
          2.000000000000           67.137557909269
          3.000000000000           29.905050588377
          4.000000000000           16.873820910804
          5.000000000000           10.842343788248
          6.000000000000            7.565930797755
          7.000000000000            5.590225249130
          8.000000000000            4.307758286512
          9.000000000000            3.428344005571
         10.000000000000            2.799157104347
         11.000000000000            2.333502110010
         12.000000000000            1.979228220401
         13.000000000000            1.703438868060
         14.000000000000            1.484551491125
         15.000000000000            1.307930255431
         20.000000000000            0.785835102288
         30.000000000000            0.416655356766
         40.000000000000            0.294474694790
         50.000000000000            0.245325039930
         60.000000000000            0.225720657784
         70.000000000000            0.220737699525
         80.000000000000            0.224173492098
         90.000000000000            0.232960165035
        100.000000000000            0.245212085197
        200.000000000000            0.311161024878
        300.000000000000            0.570829111937
        400.000000000000            0.879301003455
        500.000000000000            0.485278804990
        600.000000000000            0.606673775649
        700.000000000000            0.665276826792
        800.000000000000            0.607343229218
        900.000000000000            0.513783852335
       1000.000000000000            0.430374142163
       2000.000000000000            0.119445341074
       3000.000000000000            0.058240674011
       4000.000000000000            0.036689933044
       5000.000000000000            0.026674121395
       6000.000000000000            0.021200911989
       7000.000000000000            0.017866871037
       8000.000000000000            0.015666997571
       9000.000000000000            0.014119664530
      10000.000000000000            0.012970649274
