1 28.55 -25.9106 1 1 1 1 550
2 28.55 -31.9106 1 1 1 1 550
3 28.1033 -32.9889 1 1 1 1 550
4 27.025 -33.4356 1 1 1 1 550
5 2.475 -33.4356 1 1 1 1 550
6 1.3967 -32.9889 1 1 1 1 550
7 0.95 -31.9106 1 1 1 1 550
8 0.9391 -23.8669 1 1 1 1 550
9 0.4667 -21.3219 1 1 1 1 550
10 0.0067 -18.8652 1 1 1 1 550
11 0 0 1 1 1 1 550
12 0 18.7222 1 1 1 1 550
13 0.8105 21.5894 1 1 1 1 550
14 0.0048 24.3019 1 1 1 1 550
15 0 31.1394 1 1 1 1 550
16 0.7249 32.8895 1 1 1 1 550
17 2.475 33.6144 1 1 1 1 550
18 26.075 33.6144 1 1 1 1 550
19 27.8251 32.8895 1 1 1 1 550
20 28.55 31.1394 1 1 1 1 550
21 28.55 26.0894 1 1 1 1 550
