1 36 -37.9361 1 1 1 1 550
2 36 -41.9861 1 1 1 1 550
3 35.2751 -43.7362 1 1 1 1 550
4 33.525 -44.4611 1 1 1 1 550
5 3.425 -44.4611 1 1 1 1 550
6 1.6749 -43.7362 1 1 1 1 550
7 0.95 -41.9861 1 1 1 1 550
8 0.95 -35.1244 1 1 1 1 550
9 0.4833 -32.5248 1 1 1 1 550
10 0.0109 -29.9798 1 1 1 1 550
11 0 0 1 1 1 1 550
12 0.0303 30.1342 1 1 1 1 550
13 0.7206 32.5746 1 1 1 1 550
14 0 35.7083 1 1 1 1 550
15 0.0179 42.4107 1 1 1 1 550
16 0.7249 43.864 1 1 1 1 550
17 2.475 44.5889 1 1 1 1 550
18 33.525 44.5889 1 1 1 1 550
19 35.2751 43.864 1 1 1 1 550
20 36 42.1139 1 1 1 1 550
21 36 38.0639 1 1 1 1 550
