1 36.2 -36.9494 1 1 1 1 550
2 36.2 -41.9494 1 1 1 1 550
3 35.724 -43.0984 1 1 1 1 550
4 34.575 -43.5744 1 1 1 1 550
5 2.575 -43.5744 1 1 1 1 550
6 1.426 -43.0984 1 1 1 1 550
7 0.95 -41.9494 1 1 1 1 550
8 0.95 -34.0451 1 1 1 1 550
9 0.4682 -31.3296 1 1 1 1 550
10 0.0074 -28.9119 1 1 1 1 550
11 0 0.9889 1 1 1 1 550
12 0 30.7345 1 1 1 1 550
13 0.7204 33.5452 1 1 1 1 550
14 0 36.695 1 1 1 1 550
15 0 44.0506 1 1 1 1 550
16 0.476 45.1997 1 1 1 1 550
17 1.625 45.6756 1 1 1 1 550
18 34.575 45.6756 1 1 1 1 550
19 35.724 45.1997 1 1 1 1 550
20 36.2 44.0506 1 1 1 1 550
21 36.2 39.0506 1 1 1 1 550
