          1.000000000000          124.574812424478
          2.000000000000           67.241374424124
          3.000000000000           30.030588585626
          4.000000000000           17.008479020447
          5.000000000000           10.981973322078
          6.000000000000            7.708393142115
          7.000000000000            5.734203365357
          8.000000000000            4.452363037432
          9.000000000000            3.572954100116
         10.000000000000            2.943343209250
         11.000000000000            2.476983695706
         12.000000000000            2.121843729046
         13.000000000000            1.845121811029
         14.000000000000            1.625309870616
         15.000000000000            1.447828582640
         20.000000000000            0.923433688738
         30.000000000000            0.560554741366
         40.000000000000            0.453390772296
         50.000000000000            0.423278788337
         60.000000000000            0.425691267724
         70.000000000000            0.445883531099
         80.000000000000            0.477386864973
         90.000000000000            0.515856607397
        100.000000000000            0.557035102573
        200.000000000000            0.588319524957
        300.000000000000            0.603913821506
        400.000000000000            0.762573733214
        500.000000000000            0.869748339840
        600.000000000000            0.744250432932
        700.000000000000            0.583714436069
        800.000000000000            0.461140452345
        900.000000000000            0.371826862177
       1000.000000000000            0.306010231057
       2000.000000000000            0.088369150949
       3000.000000000000            0.047187336745
       4000.000000000000            0.032593936288
       5000.000000000000            0.025664781297
       6000.000000000000            0.021695299096
       7000.000000000000            0.019068705471
       8000.000000000000            0.017119599245
       9000.000000000000            0.015513540018
      10000.000000000000            0.014076270254
